10 30
(5, 0, 116)
(5, 9, 163)
(5, 2, 117)
(5, 3, 110)
(5, 7, 169)
(5, 8, 188)
(0, 8, 200)
(0, 4, 113)
(0, 1, 110)
(0, 3, 129)
(0, 6, 101)
(8, 9, 160)
(8, 1, 101)
(8, 2, 146)
(8, 4, 139)
(1, 2, 159)
(1, 7, 145)
(1, 3, 182)
(1, 9, 137)
(2, 7, 184)
(2, 9, 184)
(2, 3, 176)
(2, 6, 133)
(2, 4, 199)
(7, 6, 118)
(7, 3, 172)
(9, 4, 145)
(9, 3, 180)
(4, 3, 148)
(3, 6, 129)
s 3 8
s 5 3
s 3 0
s 4 6
d 4 3
i 4 7 90
s 6 9
s 9 5
s 2 1
s 5 2
u 2 7 56
s 1 2
s 6 9
s 9 3
u 5 0 52
d 1 7
i 1 5 85
d 7 3
d 3 6
i 8 3 47
i 0 7 78
s 4 3
s 5 4
u 8 3 -3
u 2 4 -26
d 5 0
u 5 7 -42
d 8 2
u 0 6 -57
d 0 8
u 2 6 91
d 5 8
u 0 6 42
u 8 1 -53
s 4 9
u 8 9 -39
s 1 4
s 0 5
u 7 4 -51
s 1 5
s 5 7
s 6 4
u 9 4 31
u 2 3 4
s 9 7
u 9 4 -96
i 6 4 82
i 2 8 75
d 0 1
d 1 9
i 6 8 1
i 6 5 78
i 1 6 53
s 2 7
i 7 8 34
s 9 5
s 8 9
u 8 4 -65
s 3 6
d 5 3
s 1 5
u 5 9 -25
u 8 6 -100
s 8 9
s 5 2
u 2 4 19
s 7 1
s 6 7
u 0 3 -28
s 3 1
s 0 3
s 7 6
s 8 2
u 5 9 -78
s 3 6
s 3 7
s 5 0
s 4 9
s 3 4
s 2 3
u 5 9 -37
s 9 6
s 6 7
u 9 3 -13
u 8 7 63
s 7 5
d 5 2
d 1 3
u 7 5 -89
s 6 0
d 5 9
s 0 5
s 0 9
d 5 1
d 8 4
s 8 0
s 6 8
d 7 6
u 9 3 -57
u 2 3 -49
d 0 4
s 3 2
u 8 3 -75
i 7 6 25
d 2 9
s 4 3
s 9 1
u 2 7 53
s 8 3
d 8 6
u 8 3 -2
s 5 3
s 7 5
i 5 2 44
d 1 2
s 5 7
u 0 3 42
u 5 6 56
u 2 6 17
s 9 6