6
(3, 0, 163678189)
(3, 2, 116110502)
(3, 1, 636291174)
(3, 4, 604309580)
(3, 5, 742450723)
(0, 4, 982660960)
(0, 1, 214645293)
(0, 5, 848684709)
(0, 2, 276073530)
(2, 4, 233742802)
(4, 5, 578621347)
(1, 5, 888487121)
s 0
i 5 2 1033963
d 3 0
i 4 1 130237511
u 0 4 -50786606
u 3 5 -64503537
d 4 5
d 2 5
d 3 1
u 3 2 81792993
i 2 1 56503429
d 3 5
d 2 1
s 3
d 1 5
i 1 3 17267236
s 3
d 2 4
s 2
u 3 4 71148930
i 2 4 125219305
s 3
i 5 3 146438595
d 0 2
u 2 4 71674226
i 5 2 77894607
s 3
u 3 2 55074367
u 3 5 -77515144
i 2 0 40796343
d 3 5
s 2
d 0 5
s 3
d 3 2
d 3 1
u 0 4 24714783
d 2 4
u 2 5 56498429
s 4
d 4 1
d 0 1
s 4
u 2 5 32874073
s 5
d 0 2
i 0 3 158996028
s 1
u 3 0 -14905679
s 5
d 0 4
s 5
u 3 0 -60486727
s 2
d 3 0
i 0 5 92405740
d 3 4
u 2 5 -47624317
i 3 5 24173816
s 0